GEMM: (0.08921855,   21.18881)
POTRF:  (19.02467,    5.798251)
SYRK: (0.1317194,  12.89934)
TRSM: (0.3274957,  12.29771)